{
 "cells": [
  {
   "attachments": {},
   "cell_type": "markdown",
   "metadata": {},
   "source": [
    "# Linear Discriminant Analysis (LDA)"
   ]
  },
  {
   "cell_type": "code",
   "execution_count": 1,
   "metadata": {},
   "outputs": [
    {
     "data": {
      "text/html": [
       "<div>\n",
       "<style scoped>\n",
       "    .dataframe tbody tr th:only-of-type {\n",
       "        vertical-align: middle;\n",
       "    }\n",
       "\n",
       "    .dataframe tbody tr th {\n",
       "        vertical-align: top;\n",
       "    }\n",
       "\n",
       "    .dataframe thead th {\n",
       "        text-align: right;\n",
       "    }\n",
       "</style>\n",
       "<table border=\"1\" class=\"dataframe\">\n",
       "  <thead>\n",
       "    <tr style=\"text-align: right;\">\n",
       "      <th></th>\n",
       "      <th>TYPE</th>\n",
       "      <th>MEOH</th>\n",
       "      <th>ACET</th>\n",
       "      <th>BU1</th>\n",
       "      <th>BU2</th>\n",
       "      <th>ISOP</th>\n",
       "      <th>MEPR</th>\n",
       "      <th>PRO1</th>\n",
       "      <th>ACAL</th>\n",
       "    </tr>\n",
       "  </thead>\n",
       "  <tbody>\n",
       "    <tr>\n",
       "      <th>0</th>\n",
       "      <td>KIRSCH</td>\n",
       "      <td>336.0</td>\n",
       "      <td>225.0</td>\n",
       "      <td>1.0</td>\n",
       "      <td>1.0</td>\n",
       "      <td>92</td>\n",
       "      <td>37.0</td>\n",
       "      <td>177.0</td>\n",
       "      <td>0.0</td>\n",
       "    </tr>\n",
       "    <tr>\n",
       "      <th>1</th>\n",
       "      <td>KIRSCH</td>\n",
       "      <td>442.0</td>\n",
       "      <td>338.0</td>\n",
       "      <td>1.9</td>\n",
       "      <td>10.0</td>\n",
       "      <td>91</td>\n",
       "      <td>30.0</td>\n",
       "      <td>552.0</td>\n",
       "      <td>31.0</td>\n",
       "    </tr>\n",
       "    <tr>\n",
       "      <th>2</th>\n",
       "      <td>KIRSCH</td>\n",
       "      <td>373.0</td>\n",
       "      <td>356.0</td>\n",
       "      <td>0.0</td>\n",
       "      <td>29.0</td>\n",
       "      <td>83</td>\n",
       "      <td>27.0</td>\n",
       "      <td>814.0</td>\n",
       "      <td>11.0</td>\n",
       "    </tr>\n",
       "    <tr>\n",
       "      <th>3</th>\n",
       "      <td>KIRSCH</td>\n",
       "      <td>418.0</td>\n",
       "      <td>62.0</td>\n",
       "      <td>0.8</td>\n",
       "      <td>0.0</td>\n",
       "      <td>89</td>\n",
       "      <td>24.0</td>\n",
       "      <td>342.0</td>\n",
       "      <td>7.0</td>\n",
       "    </tr>\n",
       "    <tr>\n",
       "      <th>4</th>\n",
       "      <td>KIRSCH</td>\n",
       "      <td>84.0</td>\n",
       "      <td>65.0</td>\n",
       "      <td>2.0</td>\n",
       "      <td>2.0</td>\n",
       "      <td>2</td>\n",
       "      <td>0.0</td>\n",
       "      <td>288.0</td>\n",
       "      <td>6.0</td>\n",
       "    </tr>\n",
       "  </tbody>\n",
       "</table>\n",
       "</div>"
      ],
      "text/plain": [
       "     TYPE   MEOH   ACET  BU1   BU2  ISOP  MEPR   PRO1  ACAL\n",
       "0  KIRSCH  336.0  225.0  1.0   1.0    92  37.0  177.0   0.0\n",
       "1  KIRSCH  442.0  338.0  1.9  10.0    91  30.0  552.0  31.0\n",
       "2  KIRSCH  373.0  356.0  0.0  29.0    83  27.0  814.0  11.0\n",
       "3  KIRSCH  418.0   62.0  0.8   0.0    89  24.0  342.0   7.0\n",
       "4  KIRSCH   84.0   65.0  2.0   2.0     2   0.0  288.0   6.0"
      ]
     },
     "execution_count": 1,
     "metadata": {},
     "output_type": "execute_result"
    }
   ],
   "source": [
    "# Chargement de la base\n",
    "import numpy as np \n",
    "import pandas as pd\n",
    "\n",
    "DTrain = pd.read_excel(\"./data/Data_Illustration_Livre_ADL.xlsx\",sheet_name=\"DATA_2_TRAIN\",header=0)\n",
    "DTrain.head()"
   ]
  },
  {
   "cell_type": "code",
   "execution_count": 2,
   "metadata": {},
   "outputs": [
    {
     "data": {
      "text/html": [
       "<style>#sk-container-id-1 {color: black;background-color: white;}#sk-container-id-1 pre{padding: 0;}#sk-container-id-1 div.sk-toggleable {background-color: white;}#sk-container-id-1 label.sk-toggleable__label {cursor: pointer;display: block;width: 100%;margin-bottom: 0;padding: 0.3em;box-sizing: border-box;text-align: center;}#sk-container-id-1 label.sk-toggleable__label-arrow:before {content: \"▸\";float: left;margin-right: 0.25em;color: #696969;}#sk-container-id-1 label.sk-toggleable__label-arrow:hover:before {color: black;}#sk-container-id-1 div.sk-estimator:hover label.sk-toggleable__label-arrow:before {color: black;}#sk-container-id-1 div.sk-toggleable__content {max-height: 0;max-width: 0;overflow: hidden;text-align: left;background-color: #f0f8ff;}#sk-container-id-1 div.sk-toggleable__content pre {margin: 0.2em;color: black;border-radius: 0.25em;background-color: #f0f8ff;}#sk-container-id-1 input.sk-toggleable__control:checked~div.sk-toggleable__content {max-height: 200px;max-width: 100%;overflow: auto;}#sk-container-id-1 input.sk-toggleable__control:checked~label.sk-toggleable__label-arrow:before {content: \"▾\";}#sk-container-id-1 div.sk-estimator input.sk-toggleable__control:checked~label.sk-toggleable__label {background-color: #d4ebff;}#sk-container-id-1 div.sk-label input.sk-toggleable__control:checked~label.sk-toggleable__label {background-color: #d4ebff;}#sk-container-id-1 input.sk-hidden--visually {border: 0;clip: rect(1px 1px 1px 1px);clip: rect(1px, 1px, 1px, 1px);height: 1px;margin: -1px;overflow: hidden;padding: 0;position: absolute;width: 1px;}#sk-container-id-1 div.sk-estimator {font-family: monospace;background-color: #f0f8ff;border: 1px dotted black;border-radius: 0.25em;box-sizing: border-box;margin-bottom: 0.5em;}#sk-container-id-1 div.sk-estimator:hover {background-color: #d4ebff;}#sk-container-id-1 div.sk-parallel-item::after {content: \"\";width: 100%;border-bottom: 1px solid gray;flex-grow: 1;}#sk-container-id-1 div.sk-label:hover label.sk-toggleable__label {background-color: #d4ebff;}#sk-container-id-1 div.sk-serial::before {content: \"\";position: absolute;border-left: 1px solid gray;box-sizing: border-box;top: 0;bottom: 0;left: 50%;z-index: 0;}#sk-container-id-1 div.sk-serial {display: flex;flex-direction: column;align-items: center;background-color: white;padding-right: 0.2em;padding-left: 0.2em;position: relative;}#sk-container-id-1 div.sk-item {position: relative;z-index: 1;}#sk-container-id-1 div.sk-parallel {display: flex;align-items: stretch;justify-content: center;background-color: white;position: relative;}#sk-container-id-1 div.sk-item::before, #sk-container-id-1 div.sk-parallel-item::before {content: \"\";position: absolute;border-left: 1px solid gray;box-sizing: border-box;top: 0;bottom: 0;left: 50%;z-index: -1;}#sk-container-id-1 div.sk-parallel-item {display: flex;flex-direction: column;z-index: 1;position: relative;background-color: white;}#sk-container-id-1 div.sk-parallel-item:first-child::after {align-self: flex-end;width: 50%;}#sk-container-id-1 div.sk-parallel-item:last-child::after {align-self: flex-start;width: 50%;}#sk-container-id-1 div.sk-parallel-item:only-child::after {width: 0;}#sk-container-id-1 div.sk-dashed-wrapped {border: 1px dashed gray;margin: 0 0.4em 0.5em 0.4em;box-sizing: border-box;padding-bottom: 0.4em;background-color: white;}#sk-container-id-1 div.sk-label label {font-family: monospace;font-weight: bold;display: inline-block;line-height: 1.2em;}#sk-container-id-1 div.sk-label-container {text-align: center;}#sk-container-id-1 div.sk-container {/* jupyter's `normalize.less` sets `[hidden] { display: none; }` but bootstrap.min.css set `[hidden] { display: none !important; }` so we also need the `!important` here to be able to override the default hidden behavior on the sphinx rendered scikit-learn.org. See: https://github.com/scikit-learn/scikit-learn/issues/21755 */display: inline-block !important;position: relative;}#sk-container-id-1 div.sk-text-repr-fallback {display: none;}</style><div id=\"sk-container-id-1\" class=\"sk-top-container\"><div class=\"sk-text-repr-fallback\"><pre>LDA(features_labels=[&#x27;MEOH&#x27;, &#x27;ACET&#x27;, &#x27;BU1&#x27;, &#x27;BU2&#x27;, &#x27;ISOP&#x27;, &#x27;MEPR&#x27;, &#x27;PRO1&#x27;,\n",
       "                     &#x27;ACAL&#x27;],\n",
       "    row_labels=RangeIndex(start=0, stop=52, step=1), target=[&#x27;TYPE&#x27;])</pre><b>In a Jupyter environment, please rerun this cell to show the HTML representation or trust the notebook. <br />On GitHub, the HTML representation is unable to render, please try loading this page with nbviewer.org.</b></div><div class=\"sk-container\" hidden><div class=\"sk-item\"><div class=\"sk-estimator sk-toggleable\"><input class=\"sk-toggleable__control sk-hidden--visually\" id=\"sk-estimator-id-1\" type=\"checkbox\" checked><label for=\"sk-estimator-id-1\" class=\"sk-toggleable__label sk-toggleable__label-arrow\">LDA</label><div class=\"sk-toggleable__content\"><pre>LDA(features_labels=[&#x27;MEOH&#x27;, &#x27;ACET&#x27;, &#x27;BU1&#x27;, &#x27;BU2&#x27;, &#x27;ISOP&#x27;, &#x27;MEPR&#x27;, &#x27;PRO1&#x27;,\n",
       "                     &#x27;ACAL&#x27;],\n",
       "    row_labels=RangeIndex(start=0, stop=52, step=1), target=[&#x27;TYPE&#x27;])</pre></div></div></div></div></div>"
      ],
      "text/plain": [
       "LDA(features_labels=['MEOH', 'ACET', 'BU1', 'BU2', 'ISOP', 'MEPR', 'PRO1',\n",
       "                     'ACAL'],\n",
       "    row_labels=RangeIndex(start=0, stop=52, step=1), target=['TYPE'])"
      ]
     },
     "execution_count": 2,
     "metadata": {},
     "output_type": "execute_result"
    }
   ],
   "source": [
    "from scientisttools.discriminant_analysis import LDA\n",
    "\n",
    "lda = LDA(features_labels=list(DTrain.columns[1:]),\n",
    "          target=[\"TYPE\"],\n",
    "          row_labels=DTrain.index)\n",
    "\n",
    "# Instanciation\n",
    "lda.fit(DTrain)"
   ]
  },
  {
   "cell_type": "code",
   "execution_count": 3,
   "metadata": {},
   "outputs": [
    {
     "data": {
      "text/plain": [
       "TYPE  \n",
       "POIRE     0.384615\n",
       "KIRSCH    0.326923\n",
       "MIRAB     0.288462\n",
       "dtype: float64"
      ]
     },
     "execution_count": 3,
     "metadata": {},
     "output_type": "execute_result"
    }
   ],
   "source": [
    "# Prabilité à priori\n",
    "lda.priors_"
   ]
  },
  {
   "cell_type": "code",
   "execution_count": 4,
   "metadata": {},
   "outputs": [
    {
     "data": {
      "text/html": [
       "<div>\n",
       "<style scoped>\n",
       "    .dataframe tbody tr th:only-of-type {\n",
       "        vertical-align: middle;\n",
       "    }\n",
       "\n",
       "    .dataframe tbody tr th {\n",
       "        vertical-align: top;\n",
       "    }\n",
       "\n",
       "    .dataframe thead th {\n",
       "        text-align: right;\n",
       "    }\n",
       "</style>\n",
       "<table border=\"1\" class=\"dataframe\">\n",
       "  <thead>\n",
       "    <tr style=\"text-align: right;\">\n",
       "      <th></th>\n",
       "      <th>MEOH</th>\n",
       "      <th>ACET</th>\n",
       "      <th>BU1</th>\n",
       "      <th>BU2</th>\n",
       "      <th>ISOP</th>\n",
       "      <th>MEPR</th>\n",
       "      <th>PRO1</th>\n",
       "      <th>ACAL</th>\n",
       "    </tr>\n",
       "  </thead>\n",
       "  <tbody>\n",
       "    <tr>\n",
       "      <th>MEOH</th>\n",
       "      <td>136738.708428</td>\n",
       "      <td>6617.583880</td>\n",
       "      <td>3173.906712</td>\n",
       "      <td>372.960935</td>\n",
       "      <td>7655.131976</td>\n",
       "      <td>3593.549133</td>\n",
       "      <td>-65773.762010</td>\n",
       "      <td>1082.729148</td>\n",
       "    </tr>\n",
       "    <tr>\n",
       "      <th>ACET</th>\n",
       "      <td>6617.583880</td>\n",
       "      <td>14921.543661</td>\n",
       "      <td>-99.421071</td>\n",
       "      <td>-146.492066</td>\n",
       "      <td>74.836048</td>\n",
       "      <td>51.906735</td>\n",
       "      <td>12047.594167</td>\n",
       "      <td>427.863371</td>\n",
       "    </tr>\n",
       "    <tr>\n",
       "      <th>BU1</th>\n",
       "      <td>3173.906712</td>\n",
       "      <td>-99.421071</td>\n",
       "      <td>121.607692</td>\n",
       "      <td>85.720347</td>\n",
       "      <td>182.120211</td>\n",
       "      <td>79.107270</td>\n",
       "      <td>-2032.141765</td>\n",
       "      <td>10.528265</td>\n",
       "    </tr>\n",
       "    <tr>\n",
       "      <th>BU2</th>\n",
       "      <td>372.960935</td>\n",
       "      <td>-146.492066</td>\n",
       "      <td>85.720347</td>\n",
       "      <td>2968.665732</td>\n",
       "      <td>-178.398643</td>\n",
       "      <td>71.995083</td>\n",
       "      <td>22370.955686</td>\n",
       "      <td>-4.595913</td>\n",
       "    </tr>\n",
       "    <tr>\n",
       "      <th>ISOP</th>\n",
       "      <td>7655.131976</td>\n",
       "      <td>74.836048</td>\n",
       "      <td>182.120211</td>\n",
       "      <td>-178.398643</td>\n",
       "      <td>2333.864253</td>\n",
       "      <td>754.028959</td>\n",
       "      <td>-3366.731373</td>\n",
       "      <td>32.959879</td>\n",
       "    </tr>\n",
       "    <tr>\n",
       "      <th>MEPR</th>\n",
       "      <td>3593.549133</td>\n",
       "      <td>51.906735</td>\n",
       "      <td>79.107270</td>\n",
       "      <td>71.995083</td>\n",
       "      <td>754.028959</td>\n",
       "      <td>341.198959</td>\n",
       "      <td>-731.993431</td>\n",
       "      <td>14.037722</td>\n",
       "    </tr>\n",
       "    <tr>\n",
       "      <th>PRO1</th>\n",
       "      <td>-65773.762010</td>\n",
       "      <td>12047.594167</td>\n",
       "      <td>-2032.141765</td>\n",
       "      <td>22370.955686</td>\n",
       "      <td>-3366.731373</td>\n",
       "      <td>-731.993431</td>\n",
       "      <td>392100.202304</td>\n",
       "      <td>626.809510</td>\n",
       "    </tr>\n",
       "    <tr>\n",
       "      <th>ACAL</th>\n",
       "      <td>1082.729148</td>\n",
       "      <td>427.863371</td>\n",
       "      <td>10.528265</td>\n",
       "      <td>-4.595913</td>\n",
       "      <td>32.959879</td>\n",
       "      <td>14.037722</td>\n",
       "      <td>626.809510</td>\n",
       "      <td>64.872504</td>\n",
       "    </tr>\n",
       "  </tbody>\n",
       "</table>\n",
       "</div>"
      ],
      "text/plain": [
       "               MEOH          ACET          BU1           BU2         ISOP  \\\n",
       "MEOH  136738.708428   6617.583880  3173.906712    372.960935  7655.131976   \n",
       "ACET    6617.583880  14921.543661   -99.421071   -146.492066    74.836048   \n",
       "BU1     3173.906712    -99.421071   121.607692     85.720347   182.120211   \n",
       "BU2      372.960935   -146.492066    85.720347   2968.665732  -178.398643   \n",
       "ISOP    7655.131976     74.836048   182.120211   -178.398643  2333.864253   \n",
       "MEPR    3593.549133     51.906735    79.107270     71.995083   754.028959   \n",
       "PRO1  -65773.762010  12047.594167 -2032.141765  22370.955686 -3366.731373   \n",
       "ACAL    1082.729148    427.863371    10.528265     -4.595913    32.959879   \n",
       "\n",
       "             MEPR           PRO1         ACAL  \n",
       "MEOH  3593.549133  -65773.762010  1082.729148  \n",
       "ACET    51.906735   12047.594167   427.863371  \n",
       "BU1     79.107270   -2032.141765    10.528265  \n",
       "BU2     71.995083   22370.955686    -4.595913  \n",
       "ISOP   754.028959   -3366.731373    32.959879  \n",
       "MEPR   341.198959    -731.993431    14.037722  \n",
       "PRO1  -731.993431  392100.202304   626.809510  \n",
       "ACAL    14.037722     626.809510    64.872504  "
      ]
     },
     "execution_count": 4,
     "metadata": {},
     "output_type": "execute_result"
    }
   ],
   "source": [
    "# Matrice de covariance totale\n",
    "lda.tcov_"
   ]
  },
  {
   "cell_type": "code",
   "execution_count": 5,
   "metadata": {},
   "outputs": [
    {
     "data": {
      "text/html": [
       "<div>\n",
       "<style scoped>\n",
       "    .dataframe tbody tr th:only-of-type {\n",
       "        vertical-align: middle;\n",
       "    }\n",
       "\n",
       "    .dataframe tbody tr th {\n",
       "        vertical-align: top;\n",
       "    }\n",
       "\n",
       "    .dataframe thead th {\n",
       "        text-align: right;\n",
       "    }\n",
       "</style>\n",
       "<table border=\"1\" class=\"dataframe\">\n",
       "  <thead>\n",
       "    <tr style=\"text-align: right;\">\n",
       "      <th></th>\n",
       "      <th></th>\n",
       "      <th>MEOH</th>\n",
       "      <th>ACET</th>\n",
       "      <th>BU1</th>\n",
       "      <th>BU2</th>\n",
       "      <th>ISOP</th>\n",
       "      <th>MEPR</th>\n",
       "      <th>PRO1</th>\n",
       "      <th>ACAL</th>\n",
       "    </tr>\n",
       "    <tr>\n",
       "      <th>TYPE</th>\n",
       "      <th></th>\n",
       "      <th></th>\n",
       "      <th></th>\n",
       "      <th></th>\n",
       "      <th></th>\n",
       "      <th></th>\n",
       "      <th></th>\n",
       "      <th></th>\n",
       "      <th></th>\n",
       "    </tr>\n",
       "  </thead>\n",
       "  <tbody>\n",
       "    <tr>\n",
       "      <th rowspan=\"8\" valign=\"top\">KIRSCH</th>\n",
       "      <th>MEOH</th>\n",
       "      <td>34259.654412</td>\n",
       "      <td>11295.734191</td>\n",
       "      <td>63.556250</td>\n",
       "      <td>2044.777941</td>\n",
       "      <td>5676.952206</td>\n",
       "      <td>1755.313603</td>\n",
       "      <td>67355.330515</td>\n",
       "      <td>1198.613419</td>\n",
       "    </tr>\n",
       "    <tr>\n",
       "      <th>ACET</th>\n",
       "      <td>11295.734191</td>\n",
       "      <td>14266.467794</td>\n",
       "      <td>17.725000</td>\n",
       "      <td>784.245294</td>\n",
       "      <td>2728.963971</td>\n",
       "      <td>854.786985</td>\n",
       "      <td>31507.793676</td>\n",
       "      <td>347.592904</td>\n",
       "    </tr>\n",
       "    <tr>\n",
       "      <th>BU1</th>\n",
       "      <td>63.556250</td>\n",
       "      <td>17.725000</td>\n",
       "      <td>0.616250</td>\n",
       "      <td>3.604375</td>\n",
       "      <td>4.081250</td>\n",
       "      <td>2.918750</td>\n",
       "      <td>176.537500</td>\n",
       "      <td>3.123750</td>\n",
       "    </tr>\n",
       "    <tr>\n",
       "      <th>BU2</th>\n",
       "      <td>2044.777941</td>\n",
       "      <td>784.245294</td>\n",
       "      <td>3.604375</td>\n",
       "      <td>461.584044</td>\n",
       "      <td>191.376471</td>\n",
       "      <td>109.921985</td>\n",
       "      <td>14519.423676</td>\n",
       "      <td>77.290404</td>\n",
       "    </tr>\n",
       "    <tr>\n",
       "      <th>ISOP</th>\n",
       "      <td>5676.952206</td>\n",
       "      <td>2728.963971</td>\n",
       "      <td>4.081250</td>\n",
       "      <td>191.376471</td>\n",
       "      <td>1543.632353</td>\n",
       "      <td>424.028676</td>\n",
       "      <td>5333.718382</td>\n",
       "      <td>142.386397</td>\n",
       "    </tr>\n",
       "    <tr>\n",
       "      <th>MEPR</th>\n",
       "      <td>1755.313603</td>\n",
       "      <td>854.786985</td>\n",
       "      <td>2.918750</td>\n",
       "      <td>109.921985</td>\n",
       "      <td>424.028676</td>\n",
       "      <td>150.840588</td>\n",
       "      <td>3019.769191</td>\n",
       "      <td>40.161324</td>\n",
       "    </tr>\n",
       "    <tr>\n",
       "      <th>PRO1</th>\n",
       "      <td>67355.330515</td>\n",
       "      <td>31507.793676</td>\n",
       "      <td>176.537500</td>\n",
       "      <td>14519.423676</td>\n",
       "      <td>5333.718382</td>\n",
       "      <td>3019.769191</td>\n",
       "      <td>563401.932206</td>\n",
       "      <td>2659.623493</td>\n",
       "    </tr>\n",
       "    <tr>\n",
       "      <th>ACAL</th>\n",
       "      <td>1198.613419</td>\n",
       "      <td>347.592904</td>\n",
       "      <td>3.123750</td>\n",
       "      <td>77.290404</td>\n",
       "      <td>142.386397</td>\n",
       "      <td>40.161324</td>\n",
       "      <td>2659.623493</td>\n",
       "      <td>94.126103</td>\n",
       "    </tr>\n",
       "    <tr>\n",
       "      <th rowspan=\"8\" valign=\"top\">MIRAB</th>\n",
       "      <th>MEOH</th>\n",
       "      <td>22953.171429</td>\n",
       "      <td>2391.200000</td>\n",
       "      <td>188.171429</td>\n",
       "      <td>448.928571</td>\n",
       "      <td>-825.700000</td>\n",
       "      <td>-340.228571</td>\n",
       "      <td>7059.800000</td>\n",
       "      <td>404.102857</td>\n",
       "    </tr>\n",
       "    <tr>\n",
       "      <th>ACET</th>\n",
       "      <td>2391.200000</td>\n",
       "      <td>31890.780952</td>\n",
       "      <td>-321.800000</td>\n",
       "      <td>-45.633333</td>\n",
       "      <td>-2517.780952</td>\n",
       "      <td>-672.457143</td>\n",
       "      <td>14724.695238</td>\n",
       "      <td>1031.910476</td>\n",
       "    </tr>\n",
       "    <tr>\n",
       "      <th>BU1</th>\n",
       "      <td>188.171429</td>\n",
       "      <td>-321.800000</td>\n",
       "      <td>50.885714</td>\n",
       "      <td>214.192857</td>\n",
       "      <td>-71.985714</td>\n",
       "      <td>-9.085714</td>\n",
       "      <td>1050.442857</td>\n",
       "      <td>-10.604286</td>\n",
       "    </tr>\n",
       "    <tr>\n",
       "      <th>BU2</th>\n",
       "      <td>448.928571</td>\n",
       "      <td>-45.633333</td>\n",
       "      <td>214.192857</td>\n",
       "      <td>1157.148095</td>\n",
       "      <td>-190.330952</td>\n",
       "      <td>-1.000000</td>\n",
       "      <td>6526.738095</td>\n",
       "      <td>-29.243095</td>\n",
       "    </tr>\n",
       "    <tr>\n",
       "      <th>ISOP</th>\n",
       "      <td>-825.700000</td>\n",
       "      <td>-2517.780952</td>\n",
       "      <td>-71.985714</td>\n",
       "      <td>-190.330952</td>\n",
       "      <td>2886.495238</td>\n",
       "      <td>595.242857</td>\n",
       "      <td>-2045.123810</td>\n",
       "      <td>-91.217619</td>\n",
       "    </tr>\n",
       "    <tr>\n",
       "      <th>MEPR</th>\n",
       "      <td>-340.228571</td>\n",
       "      <td>-672.457143</td>\n",
       "      <td>-9.085714</td>\n",
       "      <td>-1.000000</td>\n",
       "      <td>595.242857</td>\n",
       "      <td>137.542857</td>\n",
       "      <td>-328.257143</td>\n",
       "      <td>-22.951429</td>\n",
       "    </tr>\n",
       "    <tr>\n",
       "      <th>PRO1</th>\n",
       "      <td>7059.800000</td>\n",
       "      <td>14724.695238</td>\n",
       "      <td>1050.442857</td>\n",
       "      <td>6526.738095</td>\n",
       "      <td>-2045.123810</td>\n",
       "      <td>-328.257143</td>\n",
       "      <td>46172.780952</td>\n",
       "      <td>481.791905</td>\n",
       "    </tr>\n",
       "    <tr>\n",
       "      <th>ACAL</th>\n",
       "      <td>404.102857</td>\n",
       "      <td>1031.910476</td>\n",
       "      <td>-10.604286</td>\n",
       "      <td>-29.243095</td>\n",
       "      <td>-91.217619</td>\n",
       "      <td>-22.951429</td>\n",
       "      <td>481.791905</td>\n",
       "      <td>62.555524</td>\n",
       "    </tr>\n",
       "    <tr>\n",
       "      <th rowspan=\"8\" valign=\"top\">POIRE</th>\n",
       "      <th>MEOH</th>\n",
       "      <td>57971.713158</td>\n",
       "      <td>8464.592105</td>\n",
       "      <td>580.288947</td>\n",
       "      <td>-8558.555789</td>\n",
       "      <td>4840.402632</td>\n",
       "      <td>2229.473684</td>\n",
       "      <td>-41487.410526</td>\n",
       "      <td>842.901842</td>\n",
       "    </tr>\n",
       "    <tr>\n",
       "      <th>ACET</th>\n",
       "      <td>8464.592105</td>\n",
       "      <td>3412.934211</td>\n",
       "      <td>-61.665789</td>\n",
       "      <td>-243.226316</td>\n",
       "      <td>313.828947</td>\n",
       "      <td>351.473684</td>\n",
       "      <td>-1165.421053</td>\n",
       "      <td>140.164474</td>\n",
       "    </tr>\n",
       "    <tr>\n",
       "      <th>BU1</th>\n",
       "      <td>580.288947</td>\n",
       "      <td>-61.665789</td>\n",
       "      <td>55.399053</td>\n",
       "      <td>-102.995158</td>\n",
       "      <td>230.740526</td>\n",
       "      <td>60.821053</td>\n",
       "      <td>-219.823158</td>\n",
       "      <td>13.831211</td>\n",
       "    </tr>\n",
       "    <tr>\n",
       "      <th>BU2</th>\n",
       "      <td>-8558.555789</td>\n",
       "      <td>-243.226316</td>\n",
       "      <td>-102.995158</td>\n",
       "      <td>6046.579579</td>\n",
       "      <td>-1132.562105</td>\n",
       "      <td>-327.621053</td>\n",
       "      <td>45159.208421</td>\n",
       "      <td>-102.745368</td>\n",
       "    </tr>\n",
       "    <tr>\n",
       "      <th>ISOP</th>\n",
       "      <td>4840.402632</td>\n",
       "      <td>313.828947</td>\n",
       "      <td>230.740526</td>\n",
       "      <td>-1132.562105</td>\n",
       "      <td>2134.471053</td>\n",
       "      <td>792.631579</td>\n",
       "      <td>-5651.284211</td>\n",
       "      <td>-13.836579</td>\n",
       "    </tr>\n",
       "    <tr>\n",
       "      <th>MEPR</th>\n",
       "      <td>2229.473684</td>\n",
       "      <td>351.473684</td>\n",
       "      <td>60.821053</td>\n",
       "      <td>-327.621053</td>\n",
       "      <td>792.631579</td>\n",
       "      <td>405.263158</td>\n",
       "      <td>-1513.947368</td>\n",
       "      <td>-10.705263</td>\n",
       "    </tr>\n",
       "    <tr>\n",
       "      <th>PRO1</th>\n",
       "      <td>-41487.410526</td>\n",
       "      <td>-1165.421053</td>\n",
       "      <td>-219.823158</td>\n",
       "      <td>45159.208421</td>\n",
       "      <td>-5651.284211</td>\n",
       "      <td>-1513.947368</td>\n",
       "      <td>370844.252632</td>\n",
       "      <td>-534.603158</td>\n",
       "    </tr>\n",
       "    <tr>\n",
       "      <th>ACAL</th>\n",
       "      <td>842.901842</td>\n",
       "      <td>140.164474</td>\n",
       "      <td>13.831211</td>\n",
       "      <td>-102.745368</td>\n",
       "      <td>-13.836579</td>\n",
       "      <td>-10.705263</td>\n",
       "      <td>-534.603158</td>\n",
       "      <td>45.228921</td>\n",
       "    </tr>\n",
       "  </tbody>\n",
       "</table>\n",
       "</div>"
      ],
      "text/plain": [
       "                     MEOH          ACET          BU1           BU2  \\\n",
       "TYPE                                                                 \n",
       "KIRSCH MEOH  34259.654412  11295.734191    63.556250   2044.777941   \n",
       "       ACET  11295.734191  14266.467794    17.725000    784.245294   \n",
       "       BU1      63.556250     17.725000     0.616250      3.604375   \n",
       "       BU2    2044.777941    784.245294     3.604375    461.584044   \n",
       "       ISOP   5676.952206   2728.963971     4.081250    191.376471   \n",
       "       MEPR   1755.313603    854.786985     2.918750    109.921985   \n",
       "       PRO1  67355.330515  31507.793676   176.537500  14519.423676   \n",
       "       ACAL   1198.613419    347.592904     3.123750     77.290404   \n",
       "MIRAB  MEOH  22953.171429   2391.200000   188.171429    448.928571   \n",
       "       ACET   2391.200000  31890.780952  -321.800000    -45.633333   \n",
       "       BU1     188.171429   -321.800000    50.885714    214.192857   \n",
       "       BU2     448.928571    -45.633333   214.192857   1157.148095   \n",
       "       ISOP   -825.700000  -2517.780952   -71.985714   -190.330952   \n",
       "       MEPR   -340.228571   -672.457143    -9.085714     -1.000000   \n",
       "       PRO1   7059.800000  14724.695238  1050.442857   6526.738095   \n",
       "       ACAL    404.102857   1031.910476   -10.604286    -29.243095   \n",
       "POIRE  MEOH  57971.713158   8464.592105   580.288947  -8558.555789   \n",
       "       ACET   8464.592105   3412.934211   -61.665789   -243.226316   \n",
       "       BU1     580.288947    -61.665789    55.399053   -102.995158   \n",
       "       BU2   -8558.555789   -243.226316  -102.995158   6046.579579   \n",
       "       ISOP   4840.402632    313.828947   230.740526  -1132.562105   \n",
       "       MEPR   2229.473684    351.473684    60.821053   -327.621053   \n",
       "       PRO1 -41487.410526  -1165.421053  -219.823158  45159.208421   \n",
       "       ACAL    842.901842    140.164474    13.831211   -102.745368   \n",
       "\n",
       "                    ISOP         MEPR           PRO1         ACAL  \n",
       "TYPE                                                               \n",
       "KIRSCH MEOH  5676.952206  1755.313603   67355.330515  1198.613419  \n",
       "       ACET  2728.963971   854.786985   31507.793676   347.592904  \n",
       "       BU1      4.081250     2.918750     176.537500     3.123750  \n",
       "       BU2    191.376471   109.921985   14519.423676    77.290404  \n",
       "       ISOP  1543.632353   424.028676    5333.718382   142.386397  \n",
       "       MEPR   424.028676   150.840588    3019.769191    40.161324  \n",
       "       PRO1  5333.718382  3019.769191  563401.932206  2659.623493  \n",
       "       ACAL   142.386397    40.161324    2659.623493    94.126103  \n",
       "MIRAB  MEOH  -825.700000  -340.228571    7059.800000   404.102857  \n",
       "       ACET -2517.780952  -672.457143   14724.695238  1031.910476  \n",
       "       BU1    -71.985714    -9.085714    1050.442857   -10.604286  \n",
       "       BU2   -190.330952    -1.000000    6526.738095   -29.243095  \n",
       "       ISOP  2886.495238   595.242857   -2045.123810   -91.217619  \n",
       "       MEPR   595.242857   137.542857    -328.257143   -22.951429  \n",
       "       PRO1 -2045.123810  -328.257143   46172.780952   481.791905  \n",
       "       ACAL   -91.217619   -22.951429     481.791905    62.555524  \n",
       "POIRE  MEOH  4840.402632  2229.473684  -41487.410526   842.901842  \n",
       "       ACET   313.828947   351.473684   -1165.421053   140.164474  \n",
       "       BU1    230.740526    60.821053    -219.823158    13.831211  \n",
       "       BU2  -1132.562105  -327.621053   45159.208421  -102.745368  \n",
       "       ISOP  2134.471053   792.631579   -5651.284211   -13.836579  \n",
       "       MEPR   792.631579   405.263158   -1513.947368   -10.705263  \n",
       "       PRO1 -5651.284211 -1513.947368  370844.252632  -534.603158  \n",
       "       ACAL   -13.836579   -10.705263    -534.603158    45.228921  "
      ]
     },
     "execution_count": 5,
     "metadata": {},
     "output_type": "execute_result"
    }
   ],
   "source": [
    "# Matrice de covariance conditionnelle\n",
    "lda.gcov_"
   ]
  },
  {
   "cell_type": "code",
   "execution_count": 6,
   "metadata": {},
   "outputs": [
    {
     "data": {
      "text/html": [
       "<div>\n",
       "<style scoped>\n",
       "    .dataframe tbody tr th:only-of-type {\n",
       "        vertical-align: middle;\n",
       "    }\n",
       "\n",
       "    .dataframe tbody tr th {\n",
       "        vertical-align: top;\n",
       "    }\n",
       "\n",
       "    .dataframe thead th {\n",
       "        text-align: right;\n",
       "    }\n",
       "</style>\n",
       "<table border=\"1\" class=\"dataframe\">\n",
       "  <thead>\n",
       "    <tr style=\"text-align: right;\">\n",
       "      <th></th>\n",
       "      <th>MEOH</th>\n",
       "      <th>ACET</th>\n",
       "      <th>BU1</th>\n",
       "      <th>BU2</th>\n",
       "      <th>ISOP</th>\n",
       "      <th>MEPR</th>\n",
       "      <th>PRO1</th>\n",
       "      <th>ACAL</th>\n",
       "    </tr>\n",
       "  </thead>\n",
       "  <tbody>\n",
       "    <tr>\n",
       "      <th>MEOH</th>\n",
       "      <td>96515.005967</td>\n",
       "      <td>-1036.207897</td>\n",
       "      <td>2874.380385</td>\n",
       "      <td>2895.636709</td>\n",
       "      <td>4160.456766</td>\n",
       "      <td>2253.103875</td>\n",
       "      <td>-73697.469933</td>\n",
       "      <td>249.047725</td>\n",
       "    </tr>\n",
       "    <tr>\n",
       "      <th>ACET</th>\n",
       "      <td>-1036.207897</td>\n",
       "      <td>-171.929156</td>\n",
       "      <td>10.645256</td>\n",
       "      <td>-295.221822</td>\n",
       "      <td>-218.577017</td>\n",
       "      <td>-171.362485</td>\n",
       "      <td>-1995.822816</td>\n",
       "      <td>-34.817407</td>\n",
       "    </tr>\n",
       "    <tr>\n",
       "      <th>BU1</th>\n",
       "      <td>2874.380385</td>\n",
       "      <td>10.645256</td>\n",
       "      <td>85.386427</td>\n",
       "      <td>63.282347</td>\n",
       "      <td>111.884089</td>\n",
       "      <td>57.166454</td>\n",
       "      <td>-2304.675642</td>\n",
       "      <td>7.174939</td>\n",
       "    </tr>\n",
       "    <tr>\n",
       "      <th>BU2</th>\n",
       "      <td>2895.636709</td>\n",
       "      <td>-295.221822</td>\n",
       "      <td>63.282347</td>\n",
       "      <td>142.738588</td>\n",
       "      <td>252.648088</td>\n",
       "      <td>163.424639</td>\n",
       "      <td>-1745.576399</td>\n",
       "      <td>18.361615</td>\n",
       "    </tr>\n",
       "    <tr>\n",
       "      <th>ISOP</th>\n",
       "      <td>4160.456766</td>\n",
       "      <td>-218.577017</td>\n",
       "      <td>111.884089</td>\n",
       "      <td>252.648088</td>\n",
       "      <td>177.456070</td>\n",
       "      <td>138.154289</td>\n",
       "      <td>-2332.718327</td>\n",
       "      <td>17.893743</td>\n",
       "    </tr>\n",
       "    <tr>\n",
       "      <th>MEPR</th>\n",
       "      <td>2253.103875</td>\n",
       "      <td>-171.362485</td>\n",
       "      <td>57.166454</td>\n",
       "      <td>163.424639</td>\n",
       "      <td>138.154289</td>\n",
       "      <td>95.504073</td>\n",
       "      <td>-1037.211943</td>\n",
       "      <td>11.632392</td>\n",
       "    </tr>\n",
       "    <tr>\n",
       "      <th>PRO1</th>\n",
       "      <td>-73697.469933</td>\n",
       "      <td>-1995.822816</td>\n",
       "      <td>-2304.675642</td>\n",
       "      <td>-1745.576399</td>\n",
       "      <td>-2332.718327</td>\n",
       "      <td>-1037.211943</td>\n",
       "      <td>51143.250291</td>\n",
       "      <td>-171.998705</td>\n",
       "    </tr>\n",
       "    <tr>\n",
       "      <th>ACAL</th>\n",
       "      <td>249.047725</td>\n",
       "      <td>-34.817407</td>\n",
       "      <td>7.174939</td>\n",
       "      <td>18.361615</td>\n",
       "      <td>17.893743</td>\n",
       "      <td>11.632392</td>\n",
       "      <td>-171.998705</td>\n",
       "      <td>-1.273302</td>\n",
       "    </tr>\n",
       "  </tbody>\n",
       "</table>\n",
       "</div>"
      ],
      "text/plain": [
       "              MEOH         ACET          BU1          BU2         ISOP  \\\n",
       "MEOH  96515.005967 -1036.207897  2874.380385  2895.636709  4160.456766   \n",
       "ACET  -1036.207897  -171.929156    10.645256  -295.221822  -218.577017   \n",
       "BU1    2874.380385    10.645256    85.386427    63.282347   111.884089   \n",
       "BU2    2895.636709  -295.221822    63.282347   142.738588   252.648088   \n",
       "ISOP   4160.456766  -218.577017   111.884089   252.648088   177.456070   \n",
       "MEPR   2253.103875  -171.362485    57.166454   163.424639   138.154289   \n",
       "PRO1 -73697.469933 -1995.822816 -2304.675642 -1745.576399 -2332.718327   \n",
       "ACAL    249.047725   -34.817407     7.174939    18.361615    17.893743   \n",
       "\n",
       "             MEPR          PRO1        ACAL  \n",
       "MEOH  2253.103875 -73697.469933  249.047725  \n",
       "ACET  -171.362485  -1995.822816  -34.817407  \n",
       "BU1     57.166454  -2304.675642    7.174939  \n",
       "BU2    163.424639  -1745.576399   18.361615  \n",
       "ISOP   138.154289  -2332.718327   17.893743  \n",
       "MEPR    95.504073  -1037.211943   11.632392  \n",
       "PRO1 -1037.211943  51143.250291 -171.998705  \n",
       "ACAL    11.632392   -171.998705   -1.273302  "
      ]
     },
     "execution_count": 6,
     "metadata": {},
     "output_type": "execute_result"
    }
   ],
   "source": [
    "# Between covariance matrix\n",
    "lda.bcov_"
   ]
  },
  {
   "cell_type": "code",
   "execution_count": 7,
   "metadata": {},
   "outputs": [
    {
     "data": {
      "text/html": [
       "<div>\n",
       "<style scoped>\n",
       "    .dataframe tbody tr th:only-of-type {\n",
       "        vertical-align: middle;\n",
       "    }\n",
       "\n",
       "    .dataframe tbody tr th {\n",
       "        vertical-align: top;\n",
       "    }\n",
       "\n",
       "    .dataframe thead th {\n",
       "        text-align: right;\n",
       "    }\n",
       "</style>\n",
       "<table border=\"1\" class=\"dataframe\">\n",
       "  <thead>\n",
       "    <tr style=\"text-align: right;\">\n",
       "      <th></th>\n",
       "      <th>MEOH</th>\n",
       "      <th>ACET</th>\n",
       "      <th>BU1</th>\n",
       "      <th>BU2</th>\n",
       "      <th>ISOP</th>\n",
       "      <th>MEPR</th>\n",
       "      <th>PRO1</th>\n",
       "      <th>ACAL</th>\n",
       "    </tr>\n",
       "  </thead>\n",
       "  <tbody>\n",
       "    <tr>\n",
       "      <th>MEOH</th>\n",
       "      <td>40223.702461</td>\n",
       "      <td>7653.791777</td>\n",
       "      <td>299.526327</td>\n",
       "      <td>-2522.675774</td>\n",
       "      <td>3494.675210</td>\n",
       "      <td>1340.445258</td>\n",
       "      <td>7923.707923</td>\n",
       "      <td>833.681423</td>\n",
       "    </tr>\n",
       "    <tr>\n",
       "      <th>ACET</th>\n",
       "      <td>7653.791777</td>\n",
       "      <td>15093.472817</td>\n",
       "      <td>-110.066327</td>\n",
       "      <td>148.729756</td>\n",
       "      <td>293.413065</td>\n",
       "      <td>223.269220</td>\n",
       "      <td>14043.416983</td>\n",
       "      <td>462.680778</td>\n",
       "    </tr>\n",
       "    <tr>\n",
       "      <th>BU1</th>\n",
       "      <td>299.526327</td>\n",
       "      <td>-110.066327</td>\n",
       "      <td>36.221265</td>\n",
       "      <td>22.438000</td>\n",
       "      <td>70.236122</td>\n",
       "      <td>21.940816</td>\n",
       "      <td>272.533878</td>\n",
       "      <td>3.353327</td>\n",
       "    </tr>\n",
       "    <tr>\n",
       "      <th>BU2</th>\n",
       "      <td>-2522.675774</td>\n",
       "      <td>148.729756</td>\n",
       "      <td>22.438000</td>\n",
       "      <td>2825.927144</td>\n",
       "      <td>-431.046731</td>\n",
       "      <td>-91.429556</td>\n",
       "      <td>24116.532085</td>\n",
       "      <td>-22.957528</td>\n",
       "    </tr>\n",
       "    <tr>\n",
       "      <th>ISOP</th>\n",
       "      <td>3494.675210</td>\n",
       "      <td>293.413065</td>\n",
       "      <td>70.236122</td>\n",
       "      <td>-431.046731</td>\n",
       "      <td>2156.408183</td>\n",
       "      <td>615.874670</td>\n",
       "      <td>-1034.013045</td>\n",
       "      <td>15.066136</td>\n",
       "    </tr>\n",
